内江,2014-12-31,189,161~207,中度污染,142.2,171.4,24.1,0.733,35.2,68,537
内江,2015-01-01,198,174~219,中度污染,148.9,181.4,18,0.75,28.3,26,492
内江,2015-01-02,223,185~276,重度污染,172.6,215.7,76.5,0.854,34.8,59,361
内江,2015-01-03,221,181~249,重度污染,170.8,217.7,55.7,1.029,36,45,338
内江,2015-01-04,234,220~258,重度污染,183.4,228.1,22,0.842,31,41,305
内江,2015-01-05,217,85~264,重度污染,169.5,220.5,23.4,0.786,31.6,45,287
内江,2015-01-06,73,32~116,良,52.2,71.9,17.5,0.309,22.9,82,175
内江,2015-01-07,72,63~98,良,51.8,71.3,16.4,0.404,19.5,70,169
内江,2015-01-08,92,75~133,良,67.6,83.8,11.2,0.514,22.9,71,182
内江,2015-01-09,129,97~150,轻度污染,97.8,116.9,18,0.752,31.2,59,229
内江,2015-01-10,133,96~181,轻度污染,100.6,124.2,14.6,0.838,27.1,37,229
内江,2015-01-11,143,125~165,轻度污染,108.8,125,18.7,0.891,33.7,52,265
内江,2015-01-12,139,100~215,轻度污染,105.4,137.3,24.8,1.065,33.9,110,284
内江,2015-01-13,186,148~216,中度污染,140.3,169.3,25.1,1.1,36.9,58,326
内江,2015-01-14,200,153~265,重度污染,152.4,188.5,26.5,1.152,37.5,35,321
内江,2015-01-15,231,213~252,重度污染,179.7,214.6,24.7,1.3,29.3,13,323
内江,2015-01-16,253,222~312,重度污染,201.6,235.6,38.6,1.232,40.1,81,342
内江,2015-01-17,216,122~250,重度污染,167.9,194.6,23.6,0.917,35.9,36,343
内江,2015-01-18,186,124~226,中度污染,140.4,161.4,20.4,0.855,29.1,41,335
内江,2015-01-19,192,158~214,中度污染,144.2,165.4,26.9,0.939,32.6,62,348
内江,2015-01-20,177,111~231,中度污染,133.2,164.2,28.6,1.071,35.4,106,327
内江,2015-01-21,179,116~231,中度污染,135.6,182.3,37,1.396,42.7,114,317
内江,2015-01-22,178,117~213,中度污染,134.2,172.5,31,1.225,40.5,128,325
内江,2015-01-23,166,108~206,中度污染,124.4,170,25.9,1.06,33.8,101,272
内江,2015-01-24,210,167~260,重度污染,160.5,214.8,37.5,1.278,50.6,50,296
内江,2015-01-25,245,215~262,重度污染,193.9,257,40.3,1.571,45.2,113,326
内江,2015-01-26,234,203~287,重度污染,182.7,216.2,25,1.236,24.6,36,301
内江,2015-01-27,255,108~293,重度污染,205.7,247,35.1,1.604,30.4,18,360
内江,2015-01-28,45,29~87,优,31.6,33.4,16.5,1.287,8.9,31,122
内江,2015-01-29,55,36~74,良,38.2,41.2,17.6,1.073,14,51,149
内江,2015-01-30,76,65~106,良,54.7,63.7,18.3,0.883,21.6,66,214
内江,2015-01-31,56,39~76,良,39.5,34.4,15.9,0.683,23.3,25,127
内江,2015-02-01,78,64~94,良,56.3,65.9,24.8,0.767,29.8,39,179
内江,2015-02-02,95,76~121,良,70,85.2,22.8,0.704,26.9,69,189
内江,2015-02-03,120,88~147,轻度污染,90.3,108.5,27.5,0.717,34.4,81,218
内江,2015-02-04,141,80~174,轻度污染,106.9,134,36,0.922,47.7,83,263
内江,2015-02-05,154,105~184,中度污染,116.3,147.9,35.3,0.87,48.4,77,322
内江,2015-02-06,145,97~196,轻度污染,109.2,136.9,26.7,0.722,41.8,73,305
内江,2015-02-07,158,113~206,中度污染,118.9,146.2,19.7,0.822,42.7,79,310
内江,2015-02-08,180,142~211,中度污染,135.6,167.5,24.5,0.938,45,45,345
内江,2015-02-09,194,133~219,中度污染,146,181.8,20.9,0.888,40.4,48,356
内江,2015-02-10,197,142~255,中度污染,149.4,188.1,29.9,1.021,41.2,86,345
内江,2015-02-11,192,97~247,中度污染,147.3,199.6,28.2,0.983,46.1,172,321
内江,2015-02-12,192,135~256,中度污染,145.8,197.2,33.7,0.929,52.3,145,318
内江,2015-02-13,199,139~247,中度污染,151.4,193.9,27.2,0.9,40.3,139,332
内江,2015-02-14,180,138~216,中度污染,135.9,166.5,21.8,0.646,17.9,125,295
内江,2015-02-15,183,157~217,中度污染,138.1,179,29.1,0.904,26,133,308
内江,2015-02-16,117,71~189,轻度污染,84.1,138,19,0.546,21.4,108,219
内江,2015-02-17,154,91~188,中度污染,115.9,159.2,23.4,0.892,17.7,130,300
内江,2015-02-18,136,88~307,轻度污染,103.7,140.4,24.3,0.671,16.7,123,297
内江,2015-02-19,244,137~500,重度污染,200.8,244,42.9,0.808,9.5,87,338
内江,2015-02-20,101,78~161,轻度污染,75.2,94.5,13.6,0.724,11.5,44,287
内江,2015-02-21,110,75~138,轻度污染,82.4,109,19.7,1.009,26.1,72,292
内江,2015-02-22,74,54~113,良,52.5,76.6,12.8,0.535,17.9,56,172
内江,2015-02-23,62,49~76,良,43,62.5,14.2,0.564,17.5,34,144
内江,2015-02-24,82,67~103,良,59.6,78,20.5,0.714,24.6,57,220
内江,2015-02-25,63,37~88,良,42.6,61.1,26.3,0.668,28.5,101,183
内江,2015-02-26,82,61~121,良,59.8,80.5,24.5,0.74,28.5,71,255
内江,2015-02-27,77,54~122,良,54.5,71.2,19.9,0.554,17,241,284
内江,2015-02-28,40,25~58,优,26.4,35.7,10.9,0.533,17,59,137
内江,2015-03-01,59,52~76,良,37.4,62.9,14.8,0.55,23.8,72,175
内江,2015-03-02,75,65~93,良,54,79.8,21.8,0.665,31,73,196
内江,2015-03-03,98,80~132,良,73,102.8,25.7,0.713,41.4,89,263
内江,2015-03-04,99,85~120,良,73.6,98,23.3,0.727,34.6,41,328
内江,2015-03-05,85,61~111,良,58.3,103.3,30.4,0.6,29.4,63,293
内江,2015-03-06,86,59~98,良,58.5,118,24,0.567,33.5,88,243
内江,2015-03-07,88,65~111,良,64.7,110.7,23.7,0.617,40.5,110,234
内江,2015-03-08,88,70~160,良,64.8,99.3,27.9,0.687,43,142,240
内江,2015-03-09,116,65~178,轻度污染,86.9,127.8,34.1,1.063,62.9,140,287
内江,2015-03-10,102,75~138,轻度污染,76,109.9,46,1.03,62.8,67,297
内江,2015-03-11,74,66~87,良,53.5,72.4,56.9,0.618,34.5,108,208
内江,2015-03-12,99,71~132,良,73.8,103.4,31.4,0.954,47,136,251
内江,2015-03-13,88,65~127,良,64.5,90.5,28.1,0.783,46.9,115,216
内江,2015-03-14,117,100~138,轻度污染,87.7,119.3,40,1.013,46.6,127,259
内江,2015-03-15,94,82~110,良,69.6,90.7,31.7,0.683,23.2,149,184
内江,2015-03-16,97,83~120,良,71.6,92.1,31.7,0.791,25.5,122,213
内江,2015-03-17,99,68~119,良,71.1,91.5,33.3,0.779,28.5,179,259
内江,2015-03-18,69,50~91,良,48.8,63.8,25.4,0.704,19.2,135,194
内江,2015-03-19,58,41~85,良,39,57.3,28.7,0.822,24.4,90,117
内江,2015-03-20,44,34~58,优,17.2,31.3,20.1,0.45,15.1,116,56
内江,2015-03-21,51,33~71,良,24.2,42,28.5,0.467,17.3,130,69
内江,2015-03-22,54,44~67,良,32,51.2,34.7,0.554,15.2,110,63
内江,2015-03-23,50,28~69,优,28.3,42,35.8,0.429,16.1,108,80
内江,2015-03-24,50,42~67,良,34,49.4,25.5,0.374,24,100,89
内江,2015-03-25,63,45~73,良,40,56.3,38.2,0.517,25.8,141,149
内江,2015-03-26,84,56~181,良,61.1,89.7,40,0.671,38.3,154,230
内江,2015-03-27,104,64~171,轻度污染,77.2,106.7,41.3,0.717,33.9,43,261
内江,2015-03-28,103,74~154,轻度污染,76.7,104.4,41,0.767,34.7,100,242
内江,2015-03-29,126,59~199,轻度污染,94,122,43,0.857,38.3,139,253
内江,2015-03-30,92,58~126,良,64.6,91.9,50.9,0.713,36.8,168,229
内江,2015-03-31,88,58~125,良,62.5,89,55.7,0.617,28.9,159,242
内江,2015-04-01,103,72~131,轻度污染,75.4,106.3,50.3,0.535,25.5,193,311
内江,2015-04-02,65,40~113,良,38.8,64.5,23.5,0.267,13.5,136,206
内江,2015-04-03,64,39~92,良,36,59.5,36.9,0.417,21.8,152,184
内江,2015-04-04,57,39~74,良,34.1,54.8,34,0.388,11.3,137,143
内江,2015-04-05,39,29~61,优,20.6,31.8,19.3,0.396,8.8,86,65
内江,2015-04-06,32,26~38,优,19.8,28.5,18.9,0.546,11,62,42
内江,2015-04-07,36,28~41,优,22.5,30.4,17,0.463,10.9,72,74
内江,2015-04-08,38,30~59,优,24.4,35.8,19.2,0.662,13.4,82,75
内江,2015-04-09,47,31~63,优,29.3,40.9,21,0.678,19.1,83,94
内江,2015-04-10,66,45~91,良,46.1,66,32.3,0.814,34.7,107,174
内江,2015-04-11,75,43~104,良,53.9,71.5,31.1,0.718,31.8,97,192
内江,2015-04-12,74,42~104,良,47.3,79.4,35.2,0.609,33.4,134,213
内江,2015-04-13,79,55~126,良,51.4,97.8,41.6,0.567,37,141,256
内江,2015-04-14,85,58~122,良,49.8,97.9,46.7,0.479,28.7,163,235
内江,2015-04-15,81,53~128,良,48.6,75,38,0.375,19.7,241,149
内江,2015-04-16,116,80~200,轻度污染,76.4,126.1,50.8,0.717,41.2,277,255
内江,2015-04-17,149,110~204,轻度污染,109,164.9,57.1,0.852,46.7,218,321
内江,2015-04-18,107,88~136,轻度污染,79.5,109.5,45.2,0.485,15,153,270
内江,2015-04-19,49,41~66,优,28.5,42.6,32.2,0.231,22.3,92,110
内江,2015-04-20,67,45~104,良,44.9,61.2,39.8,0.327,21.4,138,213
内江,2015-04-21,66,53~88,良,46.5,65.1,39.6,0.318,22.5,113,190
内江,2015-04-22,62,48~85,良,43.8,60.8,28,0.314,29.1,68,148
内江,2015-04-23,73,54~99,良,52.6,68.4,28,0.325,29.3,76,178
内江,2015-04-24,87,59~113,良,62.7,81.5,26.5,0.39,30.4,166,221
内江,2015-04-25,91,54~148,良,65.1,95.1,32,0.657,39.6,145,211
内江,2015-04-26,137,83~242,轻度污染,104,142.4,46,0.923,50,176,322
内江,2015-04-27,213,103~303,重度污染,169.1,211.1,47,1.15,47.7,240,351
内江,2015-04-28,164,77~223,中度污染,120,151.2,36.1,0.795,33.3,208,334
内江,2015-04-29,189,116~274,中度污染,141,184.8,38.2,1.11,42.7,229,354
内江,2015-04-30,120,71~251,轻度污染,89.3,116.9,27.9,0.586,24.5,154,269
内江,2015-05-01,76,42~141,良,50.2,76.4,10.3,0.278,11.6,124,185
内江,2015-05-02,96,65~232,良,71.2,100.1,29.2,0.578,30.7,141,307
内江,2015-05-03,154,82~228,中度污染,115.9,145.7,26.2,0.745,24.9,105,336
内江,2015-05-04,95,39~218,良,68.7,83.2,19.7,0.392,14.3,115,238
内江,2015-05-05,91,60~189,良,66.3,82.3,17.2,0.37,15.3,126,232
内江,2015-05-06,162,87~231,中度污染,122.7,155.3,33.6,0.617,30.3,190,336
内江,2015-05-07,154,63~215,中度污染,111.7,148.7,36.8,0.728,32.8,170,305
内江,2015-05-08,72,53~93,良,40.4,74.2,21.5,0.269,25.7,160,228
内江,2015-05-09,99,58~130,良,68.3,102.5,36.1,0.445,34.2,167,317
内江,2015-05-10,129,77~167,轻度污染,95.3,138,44.6,0.613,33.9,186,336
内江,2015-05-11,75,50~97,良,32.9,95.7,15.7,0.152,16.1,163,289
内江,2015-05-12,91,64~142,良,62.4,116.8,34.8,0.495,30.4,146,309
内江,2015-05-13,140,76~196,轻度污染,104.6,163.6,36.2,0.536,29.9,154,330
内江,2015-05-14,101,73~125,轻度污染,74.7,128,36.2,0.538,26.9,153,292
内江,2015-05-15,96,69~133,良,71,104.9,25.5,0.464,21.8,100,298
内江,2015-05-16,80,59~104,良,57.9,77.4,15.7,0.395,14.2,89,242
内江,2015-05-17,99,77~157,良,73.5,94.6,15.3,0.405,18.8,120,275
内江,2015-05-18,138,80~184,轻度污染,103.8,134.9,28.3,0.573,27,157,331
内江,2015-05-19,128,81~167,轻度污染,96.1,130,33.7,0.639,29.7,142,320
内江,2015-05-20,91,67~126,良,67.4,86.2,36.6,0.455,20,107,291
内江,2015-05-21,90,46~133,良,65.8,80.3,35,0.483,21.7,90,299
内江,2015-05-22,60,37~122,良,41,48.3,9.6,0.341,14.7,116,152
内江,2015-05-23,66,44~86,良,41.9,53.4,22,0.404,16.2,138,181
内江,2015-05-24,99,67~126,良,72.9,91,27.2,0.578,23.8,138,254
内江,2015-05-25,102,71~170,轻度污染,76,92.3,30.3,0.617,25.9,103,251
内江,2015-05-26,126,76~167,轻度污染,94.9,118.1,31.8,0.57,28.4,84,289
内江,2015-05-27,136,86~178,轻度污染,102.5,128.8,30.6,0.705,29.6,123,307
内江,2015-05-28,162,135~205,中度污染,122.6,161,38.6,0.871,38.5,120,339
内江,2015-05-29,56,36~143,良,34,45.8,25.8,0.378,17.4,135,140
内江,2015-05-30,79,49~97,良,50.8,71.8,46.1,0.55,27.4,165,272
内江,2015-05-31,93,54~127,良,64.1,88.6,32,0.614,23,159,265
内江,2015-06-01,91,58~157,良,67.1,81.9,33.8,0.581,16.8,139,243
内江,2015-06-02,114,65~179,轻度污染,85,95.1,63.8,0.858,23.5,89,313
内江,2015-06-03,73,42~103,良,52.6,61.1,26.9,0.652,19.1,115,268
内江,2015-06-04,54,39~75,良,31.9,35.6,12,0.524,18.6,110,177
内江,2015-06-05,56,40~75,良,30,47.4,11.6,0.618,26.9,130,165
内江,2015-06-06,58,49~69,良,36.4,63.3,22.9,0.59,26.4,101,153
内江,2015-06-07,69,45~99,良,48.3,76.3,7.7,0.678,25.8,139,232
内江,2015-06-08,89,68~116,良,61.1,93,13.6,0.629,31.6,161,311
内江,2015-06-09,73,54~92,良,46.4,73.9,8.5,0.565,28.2,156,236
内江,2015-06-10,90,67~111,良,54.1,87.6,15.2,0.71,33.2,181,280
内江,2015-06-11,87,75~108,良,54.3,110.8,18,0.561,32.9,171,290
内江,2015-06-12,79,59~110,良,49.7,100.2,17,0.478,22.7,158,261
内江,2015-06-13,55,45~67,良,33.9,55.1,6.3,0.414,19.8,113,164
内江,2015-06-14,61,47~77,良,38.1,61.2,6.8,0.457,19.3,121,193
内江,2015-06-15,66,47~83,良,45.2,70,13.8,0.522,17.4,108,202
内江,2015-06-16,88,64~111,良,64.3,94.7,15.2,0.664,26.9,119,273
内江,2015-06-17,89,60~116,良,62.6,87.8,14,0.719,30.7,146,269
内江,2015-06-18,57,36~76,良,35.8,55.3,13.7,0.621,23.8,155,195
内江,2015-06-19,66,58~77,良,45.2,66.6,19.1,0.686,22.2,139,231
内江,2015-06-20,46,34~58,优,30.4,42.9,6.4,0.55,18.1,97,118
内江,2015-06-21,47,33~73,优,22.8,35,5.4,0.475,13.3,141,112
内江,2015-06-22,68,52~84,良,35.7,54.3,15.6,0.617,19.6,150,224
内江,2015-06-23,47,30~69,优,28.5,42.8,8.2,0.567,16.7,130,130
内江,2015-06-24,31,15~55,优,16.8,25.1,4.8,0.533,16.3,75,78
内江,2015-06-25,29,20~51,优,16.1,27.2,5.3,0.604,20.5,65,58
内江,2015-06-26,63,47~85,良,36.9,59.8,15.1,0.792,21.7,169,244
内江,2015-06-27,46,34~59,优,25.5,37.5,6.8,0.625,14.6,127,164
内江,2015-06-28,43,25~78,优,26.3,39.3,10.6,0.621,12.6,143,127
内江,2015-06-29,35,21~65,优,21.5,31.6,7.3,0.463,11,52,92
内江,2015-06-30,45,19~66,优,23.8,47.8,4.6,0.427,15.2,56,161
内江,2015-07-01,55,46~62,良,26.7,57.5,3.1,0.426,15.1,89,207
内江,2015-07-02,56,42~74,良,33.6,60.2,14.3,0.57,22.3,93,197
内江,2015-07-03,39,34~43,优,11.8,17.9,6.1,0.318,14.8,96,86
内江,2015-07-04,39,26~53,优,16.5,28.1,9.5,0.358,19.3,84,81
内江,2015-07-05,38,31~48,优,13.9,21.1,7.6,0.388,15.5,103,80
内江,2015-07-06,55,35~76,良,27.8,43.6,13.4,0.604,26.3,140,179
内江,2015-07-07,88,59~132,良,39.1,57.7,19.6,0.767,34.4,225,287
内江,2015-07-08,81,60~111,良,42.2,72.6,24.6,0.848,34.7,179,262
内江,2015-07-09,59,43~83,良,40.3,60.2,20,0.521,21.4,137,171
内江,2015-07-10,74,51~109,良,34.8,52.8,15.6,0.567,28.3,182,245
内江,2015-07-11,102,72~138,轻度污染,57.4,83.7,21.1,0.804,34.4,220,319
内江,2015-07-12,103,85~128,轻度污染,58.9,87.3,23.2,0.742,29.7,253,313
内江,2015-07-13,86,76~106,良,62,88.3,17.7,0.675,25.9,197,248
内江,2015-07-14,69,49~91,良,48.9,72.7,10.9,0.463,20.4,83,170
内江,2015-07-15,54,41~80,良,24.6,44.5,11.7,0.495,26.1,147,138
内江,2015-07-16,73,54~102,良,28,54.6,19.5,0.641,32.4,172,256
内江,2015-07-17,83,60~117,良,38.2,65.7,20.4,0.679,31.9,211,297
内江,2015-07-18,99,69~139,良,45,78.8,22,0.624,30.4,210,320
内江,2015-07-19,87,48~131,良,38.7,59.2,14.8,0.461,19.8,208,282
内江,2015-07-20,93,80~118,良,58,88,21,0.709,35.8,208,320
内江,2015-07-21,64,46~99,良,45.9,63.8,14.7,0.446,21.9,115,222
内江,2015-07-22,44,29~68,优,28.2,35.9,13.2,0.333,19.2,128,142
内江,2015-07-23,48,30~67,优,30,43.2,20.6,0.433,20.5,126,184
内江,2015-07-24,53,38~75,良,23.8,51.9,32.8,0.467,35,180,214
内江,2015-07-25,58,40~72,良,35.2,57.3,38.8,0.513,25.5,164,213
内江,2015-07-26,62,44~77,良,41.8,65.9,36.5,0.529,30,173,213
内江,2015-07-27,69,39~107,良,47.5,71.4,34.6,0.55,28.9,214,236
内江,2015-07-28,68,53~102,良,40.9,64.6,38.1,0.479,23.4,182,275
内江,2015-07-29,45,32~61,优,26.5,38.3,20,0.371,21.3,164,153
内江,2015-07-30,43,25~68,优,22,39.8,18.3,0.304,22.2,128,164
内江,2015-07-31,36,19~49,优,15.3,28.2,12.4,0.292,15.7,145,119
内江,2015-08-01,33,15~52,优,12.3,22.8,14.5,0.313,18.9,154,88
内江,2015-08-02,42,27~51,优,17.8,32.9,13.8,0.35,18.8,154,125
内江,2015-08-03,34,20~55,优,13.9,27.5,11.2,0.267,16.8,144,97
内江,2015-08-04,45,27~73,优,25.6,44.2,20.5,0.363,18.5,178,173
内江,2015-08-05,31,18~44,优,11,19.9,15.5,0.267,15.1,140,69
内江,2015-08-06,55,34~85,良,29,48,31.2,0.538,28,188,209
内江,2015-08-07,68,48~82,良,48.7,70.7,18.1,0.596,29.6,176,266
内江,2015-08-08,28,15~54,优,17.9,19.8,12.3,0.3,15.4,99,64
内江,2015-08-09,32,25~58,优,21.5,27.2,23,0.333,17.7,87,96
内江,2015-08-10,47,32~67,优,31.9,44.7,29.5,0.4,21,116,204
内江,2015-08-11,63,38~79,良,44.9,62.9,32.9,0.629,28.5,122,265
内江,2015-08-12,69,49~90,良,49.5,69.7,24.4,0.625,26.6,149,260
内江,2015-08-13,65,45~93,良,44,65.5,23.8,0.617,26,194,206
内江,2015-08-14,49,40~57,优,31.8,47.8,20.6,0.463,18.9,137,147
内江,2015-08-15,39,20~50,优,21.6,38.8,37,0.454,21,141,108
内江,2015-08-16,53,32~70,良,35.5,56.5,31.8,0.542,24.9,107,170
内江,2015-08-17,17,11~26,优,10.1,14.5,21.4,0.355,16.1,67,11
内江,2015-08-18,22,20~25,优,8.4,14.7,8.3,0.271,11.9,78,20
内江,2015-08-19,28,16~41,优,12,21,11.3,0.271,15.8,129,63
内江,2015-08-20,48,29~82,优,22.2,44.5,19.9,0.467,28.6,166,183
内江,2015-08-21,64,47~90,良,41.9,75.9,25.7,0.717,37,162,248
内江,2015-08-22,89,65~128,良,63.9,103.8,36.3,0.867,41,174,309
内江,2015-08-23,79,51~124,良,56.6,86,30.2,0.654,27.1,163,295
内江,2015-08-24,80,61~109,良,58.4,83.8,23,0.688,28,143,304
内江,2015-08-25,36,28~50,优,24.3,32.9,14.5,0.426,20.7,94,82
内江,2015-08-26,48,31~67,优,32.3,44.4,16.6,0.613,26.5,103,116
内江,2015-08-27,51,35~64,良,35.8,45.3,16.5,0.625,27.3,96,145
内江,2015-08-28,46,30~62,优,31.3,40.6,15.1,0.575,23.2,104,123
内江,2015-08-29,59,46~74,良,41.8,57.2,24.9,0.688,24.1,126,210
内江,2015-08-30,70,45~107,良,48.8,71.5,28,0.733,31.3,164,241
内江,2015-08-31,73,57~100,良,53,73,29.6,0.742,32.9,164,273
内江,2015-09-01,85,59~177,良,58,103,33.1,0.758,28.3,173,304
内江,2015-09-02,61,42~73,良,43.3,53.8,18.8,0.558,16.2,130,239
内江,2015-09-03,57,50~72,良,39.4,53,19.1,0.604,15.1,132,230
内江,2015-09-04,48,32~62,优,32.6,48.3,27,0.704,22.6,82,190
内江,2015-09-05,40,22~57,优,27.8,35.5,18.4,0.592,14.8,47,153
内江,2015-09-06,36,17~61,优,15.4,35.4,23.2,0.408,14.7,120,114
内江,2015-09-07,42,29~73,优,21.5,40.4,27.6,0.529,27.2,141,125
内江,2015-09-08,59,47~80,良,40.6,58.6,27.3,0.604,23.5,116,216
内江,2015-09-09,41,25~58,优,25.1,40.5,24,0.604,17.6,92,134
内江,2015-09-10,22,9~52,优,12.1,19.1,18,0.504,12.6,88,43
内江,2015-09-11,20,14~34,优,9.6,16.7,12,0.354,16.9,73,24
内江,2015-09-12,37,28~56,优,16.6,36.8,12,0.371,20.7,84,127
内江,2015-09-13,39,28~61,优,21.8,39.9,16,0.417,26.8,103,92
内江,2015-09-14,58,39~84,良,35.4,62.2,19.8,0.571,33.3,124,177
内江,2015-09-15,84,52~137,良,60,90.7,29.1,0.683,34.5,86,278
内江,2015-09-16,46,36~62,优,31.6,42.8,13.3,0.483,18.4,70,97
内江,2015-09-17,28,21~42,优,16.7,25.8,16.9,0.408,17.6,82,28
内江,2015-09-18,25,15~34,优,13.3,23.5,23.9,0.538,19.7,90,25
内江,2015-09-19,30,26~32,优,20.1,28.7,25.2,0.692,25.3,41,52
内江,2015-09-20,41,28~54,优,25.5,39.6,30.3,0.613,18.5,95,99
内江,2015-09-21,45,28~57,优,28.8,44.4,31,0.725,25.5,66,114
内江,2015-09-22,47,34~63,优,32,44.3,21.3,0.621,22.7,75,152
内江,2015-09-23,50,33~68,良,31.2,51.9,18.9,0.717,21.5,110,177
内江,2015-09-24,34,19~55,优,20.2,32,17.4,0.483,22.3,76,82
内江,2015-09-25,36,27~46,优,18.1,34,23.6,0.521,28,112,92
内江,2015-09-26,35,22~52,优,18.9,35.3,14.2,0.542,25,63,82
内江,2015-09-27,39,28~58,优,25.9,38.3,15.3,0.617,25.1,74,99
内江,2015-09-28,36,26~42,优,22.4,34.7,15.2,0.738,20.8,71,91
内江,2015-09-29,34,26~43,优,18.5,33.8,12.1,0.779,23.7,57,97
内江,2015-09-30,37,25~52,优,19.6,36.7,17.4,0.742,24.7,78,112
内江,2015-10-01,54,19~93,良,18.8,68,11.2,0.433,23.8,116,178
内江,2015-10-02,63,50~83,良,29.3,76.2,19,0.492,23.3,124,178
内江,2015-10-03,61,53~73,良,39,69.9,20.4,0.558,31.4,87,159
内江,2015-10-04,33,18~62,优,20,33.4,12.5,0.4,17.1,56,63
内江,2015-10-05,22,17~37,优,12,21.8,12,0.442,17.3,60,27
内江,2015-10-06,42,26~69,优,26.6,44.3,16.2,0.633,27.8,68,111
内江,2015-10-07,91,63~142,良,67.2,99.4,31.9,1.038,43.5,164,295
内江,2015-10-08,105,78~128,轻度污染,78.7,107.3,25.8,1.004,33.8,127,348
内江,2015-10-09,67,48~89,良,44.7,69.3,23.9,0.633,33.8,64,245
内江,2015-10-10,49,30~69,优,31.3,50.6,20.7,0.59,30.8,96,163
内江,2015-10-11,72,39~128,良,51.5,82.6,28.5,0.908,37.9,123,244
内江,2015-10-12,110,75~162,轻度污染,82.3,121.8,39,1.163,48.3,142,318
内江,2015-10-13,152,117~190,中度污染,115.7,151.3,35.7,1.088,45,156,342
内江,2015-10-14,138,98~183,轻度污染,104.5,145.9,43.5,1.163,53.5,184,302
内江,2015-10-15,138,92~206,轻度污染,104,151.2,46.1,1.2,58.5,219,289
内江,2015-10-16,118,84~156,轻度污染,89,119.8,46.7,0.967,45,137,246
内江,2015-10-17,121,74~169,轻度污染,90.9,111.8,28.2,0.879,40.8,92,261
内江,2015-10-18,90,74~108,良,66.5,84.3,34.3,0.763,34.7,82,248
内江,2015-10-19,87,59~152,良,63.8,89.5,24.9,0.888,41.9,104,204
内江,2015-10-20,118,64~211,轻度污染,88.1,116,45.2,1.183,52.3,196,254
内江,2015-10-21,125,83~186,轻度污染,94.5,121.6,32.9,0.992,45.4,166,297
内江,2015-10-22,113,75~152,轻度污染,85.4,112.3,21.7,0.754,35,76,281
内江,2015-10-23,66,56~79,良,47.8,60.8,15,0.467,20.5,58,128
内江,2015-10-24,35,19~58,优,23.4,33.8,9.6,0.492,16.3,55,42
内江,2015-10-25,60,50~73,良,41.8,58.3,16,0.596,20.4,81,164
内江,2015-10-26,42,26~59,优,27.8,39.2,11.6,0.467,19.4,64,82
内江,2015-10-27,48,20~68,优,23.7,53,22.5,0.413,30,40,135
内江,2015-10-28,54,38~71,良,32.8,59.8,23.4,0.388,26,141,141
内江,2015-10-29,43,25~58,优,25.8,43.5,18.3,0.421,21.8,53,112
内江,2015-10-30,34,25~42,优,21.7,34.1,15.6,0.375,20.5,39,80
内江,2015-10-31,22,10~52,优,13.5,20.3,9.2,0.271,17.1,48,29
内江,2015-11-01,46,33~64,优,31.7,41.8,14.5,0.479,24.4,83,119
内江,2015-11-02,69,53~89,良,49.9,64,15.1,0.613,32,74,172
内江,2015-11-03,74,64~98,良,53.8,67.7,12.8,0.621,29,51,152
内江,2015-11-04,90,74~115,良,66.6,93.6,18,0.642,37.3,48,201
内江,2015-11-05,69,59~89,良,50.1,64.8,15.1,0.529,26.7,57,176
内江,2015-11-06,78,65~107,良,57,75.6,20.7,0.667,36.8,101,274
内江,2015-11-07,71,46~88,良,51.3,63.9,22.2,0.708,28.8,99,263
内江,2015-11-08,38,20~84,优,23.1,30,13.5,0.746,27.5,128,72
内江,2015-11-09,85,58~100,良,62.6,81.1,15.5,0.975,34.3,64,223
内江,2015-11-10,46,35~69,优,30.9,41.8,12.2,0.754,24,58,83
内江,2015-11-11,45,26~74,优,30.4,44.3,12.1,0.783,23.6,36,91
内江,2015-11-12,46,36~60,优,30.3,44.4,10.2,0.817,22.9,32,113
内江,2015-11-13,49,38~70,优,33.8,47.6,14.1,0.892,28.3,71,138
内江,2015-11-14,57,50~65,良,39.4,55.6,15.5,0.833,26.9,74,143
内江,2015-11-15,71,50~122,良,51,71.9,21.9,1.025,41.3,64,182
内江,2015-11-16,86,72~105,良,63.9,86.4,16.6,0.933,33.6,79,273
内江,2015-11-17,84,73~112,良,61.8,82.8,10.7,0.896,32.9,47,291
内江,2015-11-18,96,75~115,良,71.3,96.7,11.1,1.079,28,25,328
内江,2015-11-19,77,64~98,良,56.3,78.3,13.4,0.863,24.6,72,254
内江,2015-11-20,67,54~84,良,48.5,68.3,17.5,1.008,28.8,82,198
内江,2015-11-21,75,63~90,良,54.3,73.3,18,0.992,29.1,68,255
内江,2015-11-22,74,53~110,良,53.6,74.5,19.3,1.008,31.4,82,299
内江,2015-11-23,77,60~89,良,56,77.8,17,0.875,25.8,39,321
内江,2015-11-24,30,16~57,优,20,26.3,9,1.058,20.4,20,112
内江,2015-11-25,32,18~55,优,19,30.4,10.1,0.975,25.9,81,89
内江,2015-11-26,58,34~99,良,41.6,50.5,14.4,1.046,27.3,32,203
内江,2015-11-27,67,55~84,良,48.7,59.5,13.8,0.963,35.5,34,202
内江,2015-11-28,60,48~73,良,42.3,53.2,8.3,0.596,24,52,99
内江,2015-11-29,74,54~94,良,53,71.9,9.5,0.663,27.8,78,143
内江,2015-11-30,69,52~87,良,49.5,66.2,10.8,0.625,25.5,40,138
内江,2015-12-01,85,68~127,良,62.3,86.9,16.5,0.788,36,28,196
内江,2015-12-02,108,75~133,轻度污染,81,109,23.1,0.921,38.8,28,286
内江,2015-12-03,75,55~94,良,54.5,67.7,16.6,0.783,34.2,27,246
内江,2015-12-04,55,45~69,良,38.7,51.5,13.5,0.563,26.8,42,162
内江,2015-12-05,58,46~74,良,38.7,59.9,16.2,0.667,32.2,54,177
内江,2015-12-06,64,48~78,良,45.5,66.6,22,0.771,34.8,77,180
内江,2015-12-07,84,67~117,良,61.7,90,30.2,0.975,46.8,46,195
内江,2015-12-08,64,46~87,良,45.9,63.8,18.4,0.704,30,41,142
内江,2015-12-09,96,79~125,良,71.6,101.1,27.5,0.95,41.8,52,226
内江,2015-12-10,116,95~156,轻度污染,87.5,121,23.1,0.971,41.3,51,240
内江,2015-12-11,106,48~129,轻度污染,79.2,107.5,16.2,0.863,35.8,40,234
内江,2015-12-12,47,34~59,优,31,47.1,11.8,0.679,27.3,30,88
内江,2015-12-13,42,30~54,优,28.3,40.3,8.9,0.958,21,24,69
内江,2015-12-14,47,32~59,优,32.5,43.8,18.3,0.863,21.8,60,94
内江,2015-12-15,38,25~61,优,21.9,39.1,14.8,0.525,24.9,92,87
内江,2015-12-16,51,25~69,良,33.1,54.4,19.3,0.654,32.3,94,166
内江,2015-12-17,71,53~92,良,50.9,74,22.8,0.771,35.8,68,254
内江,2015-12-18,71,59~87,良,51.2,65.2,20,0.696,38.1,70,181
内江,2015-12-19,80,62~90,良,58.3,78.6,20.1,0.717,39.2,44,168
内江,2015-12-20,69,58~80,良,50,63.8,17.6,0.721,31,50,104
内江,2015-12-21,73,57~93,良,53.1,67.5,17,0.754,31.9,71,93
内江,2015-12-22,84,55~112,良,61.1,87.6,26.4,1.008,41.9,80,110
内江,2015-12-23,72,54~84,良,51.9,70,16.5,0.808,31.1,81,99
内江,2015-12-24,80,58~100,良,58.5,76.1,18.9,0.879,32,89,183
内江,2015-12-25,84,53~137,良,61.9,85.7,26.1,1,44.3,80,185
内江,2015-12-26,98,60~127,良,73.1,99.7,27.3,1.15,47.1,114,212
内江,2015-12-27,109,79~132,轻度污染,82,108.7,29.9,1.208,45.7,120,278
内江,2015-12-28,162,117~196,中度污染,122.3,159.7,33.3,1.488,54,33,311
内江,2015-12-29,196,165~217,中度污染,148.8,184.5,36.2,1.575,56.7,40,312
内江,2015-12-30,186,149~214,中度污染,140.6,174.5,32.9,1.417,50.9,32,282
内江,2015-12-31,181,155~202,中度污染,136.2,167.8,23.8,1.538,44.2,28,273
内江,2016-01-01,152,19~195,中度污染,115.1,134.6,26.5,1.275,42.2,88,249
内江,2016-01-02,140,99~198,轻度污染,105.8,133.2,24.7,1.338,43.8,102,203
内江,2016-01-03,135,94~183,轻度污染,101.8,126.5,22.7,1.363,42.5,42,193
内江,2016-01-04,173,120~205,中度污染,130.6,163.9,36.3,1.642,50.4,99,264
内江,2016-01-05,134,99~200,轻度污染,101.4,128.6,19.5,1.342,36.9,63,291
内江,2016-01-06,179,137~218,中度污染,135.7,175.3,35,1.621,45.3,41,324
内江,2016-01-07,115,62~201,轻度污染,85.3,106.4,17.7,1.054,31.5,47,245
内江,2016-01-08,58,48~72,良,40.7,45.5,14.4,0.924,26.4,24,114
内江,2016-01-09,52,39~65,良,35.8,43.7,18.4,0.983,22.1,33,79
内江,2016-01-10,65,49~79,良,47,57.1,12.3,1.113,31.9,29,140
内江,2016-01-11,57,45~75,良,40,52.3,15.5,1.113,24.6,60,168
内江,2016-01-12,59,43~73,良,42.3,50.6,7.5,1.138,20.8,22,176
内江,2016-01-13,38,29~52,优,26.4,34,6.9,1.021,18.3,24,48
内江,2016-01-14,65,39~98,良,47.3,58.1,11.3,1.229,22.9,38,123
内江,2016-01-15,75,52~99,良,54.5,72.6,14.8,1.25,28,70,136
内江,2016-01-16,80,51~110,良,58.5,76.5,17.9,1.188,29.9,83,149
内江,2016-01-17,86,60~113,良,63.5,86.8,21.5,1.292,34.3,108,202
内江,2016-01-18,99,82~134,良,73.5,99.9,20,1.254,38.5,69,237
内江,2016-01-19,126,102~163,轻度污染,95.4,128,29,1.508,44.6,45,262
内江,2016-01-20,90,64~119,良,66.8,82.8,14.3,0.921,27.6,39,225
内江,2016-01-21,90,72~108,良,66.7,81.5,15.4,0.863,27.5,48,263
内江,2016-01-22,82,46~107,良,60,72.4,10.8,0.696,18.2,59,252
内江,2016-01-23,33,23~49,优,20.9,32.4,5.1,0.304,10.4,66,78
内江,2016-01-24,43,29~64,优,26.9,43.5,9.8,0.421,20.8,92,100
内江,2016-01-25,63,46~82,良,43.5,69.4,19.7,0.575,30,96,178
内江,2016-01-26,76,54~100,良,55,88.5,26.2,0.688,45.5,73,206
内江,2016-01-27,105,87~134,轻度污染,78.6,115.3,31.3,0.731,38.5,64,255
内江,2016-01-28,104,73~127,轻度污染,77.8,112.4,27.8,0.663,42,70,230
内江,2016-01-29,119,89~144,轻度污染,89.9,125.2,29.2,0.875,44.3,106,272
内江,2016-01-30,147,122~189,轻度污染,111.9,144,25.3,0.879,40.1,70,319
内江,2016-01-31,142,85~193,轻度污染,106.7,128,20.5,0.963,38.7,51,326
内江,2016-02-01,102,80~132,轻度污染,76.4,90.7,18.2,1.221,33.5,60,259
内江,2016-02-02,108,98~127,轻度污染,81,99,17.7,1.308,32.3,84,236
内江,2016-02-03,101,73~119,轻度污染,75.2,86.6,15.1,1.296,24.7,34,199
内江,2016-02-04,112,59~139,轻度污染,83.8,99.4,20.5,1.304,30.2,90,246
内江,2016-02-05,121,78~212,轻度污染,90.6,114.7,26.3,1.6,49,75,274
内江,2016-02-06,142,92~186,轻度污染,108.1,135.3,28.5,1.633,50.8,104,343
内江,2016-02-07,172,79~465,中度污染,140.7,156.4,32.8,1.621,48.4,146,334
内江,2016-02-08,312,119~500,严重污染,274.5,318.2,66.7,1.388,39.3,109,325
内江,2016-02-09,198,112~328,中度污染,155.5,182.8,31.4,1.296,37.5,132,336
内江,2016-02-10,172,99~212,中度污染,129.8,156.3,29.7,1.413,45.6,149,326
内江,2016-02-11,173,137~211,中度污染,130.8,159.6,26.8,1.383,40.2,152,317
内江,2016-02-12,116,67~169,轻度污染,87.4,106.1,21.2,1.025,25.7,126,251
内江,2016-02-13,59,42~70,良,29.8,68.6,10.6,0.508,10.5,74,242
内江,2016-02-14,45,27~55,优,24,45.2,6.8,0.483,7.6,78,230
内江,2016-02-15,41,24~64,优,26.9,38.6,8.1,0.508,10.4,75,170
内江,2016-02-16,65,46~120,良,46.2,59.8,11.7,0.613,23.3,81,272
内江,2016-02-17,85,52~119,良,62.5,77.8,12.6,0.742,28.5,103,279
内江,2016-02-18,92,49~128,良,68.3,87.5,16.1,0.829,32.9,114,252
内江,2016-02-19,84,53~119,良,61.2,80.6,26.8,0.896,37.6,120,176
内江,2016-02-20,106,88~132,轻度污染,59.8,154.5,17.7,0.7,34.2,75,262
内江,2016-02-21,125,87~147,轻度污染,94.3,149.9,20.1,0.963,42.3,56,306
内江,2016-02-22,48,32~89,优,34.1,45.3,10.7,0.713,27.8,80,77
内江,2016-02-23,50,38~62,优,33.8,45.8,8.8,0.758,31,71,127
内江,2016-02-24,62,48~80,良,44.1,56.9,14.5,0.879,31,52,165
内江,2016-02-25,70,60~80,良,50.4,68.5,17.7,0.879,34.6,78,177
内江,2016-02-26,68,43~98,良,48.3,67.8,17.5,0.9,34.5,102,172
内江,2016-02-27,86,53~110,良,62.5,105.9,33.8,1.079,37.7,130,235
内江,2016-02-28,99,58~169,良,73.7,119.7,36.5,1.321,50.2,145,259
内江,2016-02-29,119,77~189,轻度污染,89.9,133,33.5,1.425,53.5,171,304
内江,2016-03-01,110,74~145,轻度污染,83,120.3,36.8,1.129,43.5,169,272
内江,2016-03-02,109,67~145,轻度污染,80,132.1,32.6,1.075,45.5,120,222
内江,2016-03-03,95,43~137,良,69.7,105.3,24.2,1.058,44,166,182
内江,2016-03-04,138,93~206,轻度污染,104.9,155.4,31.5,1.275,54,132,256
内江,2016-03-05,138,94~207,轻度污染,103.6,155.3,27.5,1.296,48.6,166,230
内江,2016-03-06,122,93~159,轻度污染,91.3,136.7,29.2,1.104,37.8,170,207
内江,2016-03-07,69,48~90,良,48,74.9,27.9,0.904,29.8,128,131
内江,2016-03-08,67,37~99,良,44.8,75.2,22.3,0.921,28.1,109,224
内江,2016-03-09,21,16~31,优,11.3,18.1,6.4,0.9,15.1,70,39
内江,2016-03-10,36,20~49,优,23.5,34.6,5,0.639,14.3,76,121
内江,2016-03-11,40,22~57,优,26.8,38,9.5,0.704,23.1,75,70
内江,2016-03-12,59,40~79,良,41.5,60.5,16.5,0.771,24.5,80,94
内江,2016-03-13,83,62~109,良,60.9,84.3,23.6,0.933,41.9,108,217
内江,2016-03-14,77,55~102,良,54.2,79.5,21.4,0.888,36.7,100,172
内江,2016-03-15,77,63~103,良,55.3,91.8,27.6,0.833,34.7,151,136
内江,2016-03-16,96,77~139,良,71.2,111.3,28.8,0.896,36.6,139,202
内江,2016-03-17,99,72~142,良,74,114.7,24.9,0.775,38.5,99,196
内江,2016-03-18,128,85~158,轻度污染,97.2,140.6,27.2,1.029,52.6,160,242
内江,2016-03-19,111,77~156,轻度污染,83.3,117.5,29,0.983,46.4,160,225
内江,2016-03-20,93,77~114,良,68.9,101.8,27.7,0.829,33.2,99,212
内江,2016-03-21,63,46~80,良,45.1,60.3,13.9,0.792,25,58,145
内江,2016-03-22,37,18~67,优,25.7,32.6,9.3,0.829,21,60,64
内江,2016-03-23,33,23~43,优,22.3,28.9,10.8,0.842,21.1,107,70
内江,2016-03-24,43,30~69,优,26.8,37.5,7.6,0.658,18.8,134,123
内江,2016-03-25,72,50~94,良,52,68.9,15.5,0.775,28.9,162,227
内江,2016-03-26,71,49~87,良,50.8,72.4,10.6,0.738,25.2,138,197
内江,2016-03-27,91,59~122,良,67.7,94.1,20.6,0.833,36.2,150,268
内江,2016-03-28,111,87~142,轻度污染,83.3,119.4,34.6,0.996,49.5,99,310
内江,2016-03-29,110,78~152,轻度污染,82.7,111.4,21.5,0.967,46.3,60,296
内江,2016-03-30,72,36~134,良,50.5,68.4,17.9,0.654,27.4,128,138
内江,2016-03-31,82,51~127,良,60.5,81.2,20,0.75,32.4,147,191
内江,2016-04-01,100,64~128,良,74.3,104.8,27.9,1.029,42.5,131,245
内江,2016-04-02,101,78~142,轻度污染,75.3,108.5,36.3,1.133,51.9,133,259
内江,2016-04-03,116,99~132,轻度污染,87.3,118.3,32.8,1.158,42.1,196,340
内江,2016-04-04,99,72~137,良,74,100.8,30.1,1.021,32.2,152,312
内江,2016-04-05,78,53~125,良,56.5,76.9,26.2,0.929,26.1,94,237
内江,2016-04-06,47,36~62,优,32.2,44,16.7,0.829,21.8,66,143
内江,2016-04-07,51,37~83,良,34.3,52.5,16.8,0.908,30.6,129,149
内江,2016-04-08,45,30~82,优,31.2,41.4,16.8,0.767,26.3,89,100
内江,2016-04-09,26,21~35,优,16.7,23.8,12.9,0.575,14.6,81,25
内江,2016-04-10,35,22~55,优,19.3,32.3,13.4,0.642,21.4,114,62
内江,2016-04-11,45,35~56,优,24.7,40.7,19,0.775,21.9,136,78
内江,2016-04-12,70,46~110,良,50.7,67,16.7,0.821,26.3,83,186
内江,2016-04-13,74,44~103,良,54.1,71,11.3,0.779,26.1,136,178
内江,2016-04-14,26,16~68,优,14.5,19.5,3.7,0.45,13.8,74,18
内江,2016-04-15,23,15~32,优,12.9,22,5.2,0.442,14.1,101,9
内江,2016-04-16,30,17~46,优,11.4,24,12.3,0.333,16.6,122,52
内江,2016-04-17,34,24~50,优,15.8,31.3,7.6,0.308,15.4,112,59
内江,2016-04-18,50,39~82,优,26.5,51.8,13.7,0.479,28.1,150,170
内江,2016-04-19,71,54~103,良,42.8,90.1,21.5,0.588,34.1,137,235
内江,2016-04-20,50,36~63,优,27.2,44.7,7.1,0.413,19.7,141,156
内江,2016-04-21,40,32~49,优,22.1,39.9,9.1,0.446,20,99,66
内江,2016-04-22,47,27~83,优,31.7,45,10.5,0.542,28.7,90,87
内江,2016-04-23,49,36~64,优,29.3,53,17.2,0.546,34.8,68,160
内江,2016-04-24,51,38~68,良,33.6,51,12.7,0.504,26.3,114,142
内江,2016-04-25,52,36~72,良,35.1,50.5,12.2,0.588,25.1,94,128
内江,2016-04-26,71,46~89,良,51.4,69.2,15.9,0.913,40,116,238
内江,2016-04-27,75,49~109,良,53.9,86,19.5,0.992,43.1,160,244
内江,2016-04-28,75,50~110,良,52.9,74.8,14.5,0.729,39.3,105,226
内江,2016-04-29,50,39~64,优,31.8,47.1,10.5,0.554,30.7,89,66
内江,2016-04-30,58,40~88,良,40.8,59.1,12.3,0.771,37.5,121,106
内江,2016-05-01,78,39~117,良,53.6,78.8,21.8,1.029,46.1,140,204
内江,2016-05-02,104,58~216,轻度污染,77.4,100.7,23.8,0.917,29.4,153,299
内江,2016-05-03,78,54~148,良,50.8,83.8,20.5,0.725,31.6,176,246
内江,2016-05-04,137,85~289,轻度污染,104.4,155,23.5,1.296,46.5,205,345
内江,2016-05-05,243,87~421,重度污染,200.7,260.6,26.8,1.933,54.7,201,349
内江,2016-05-06,116,25~426,轻度污染,92.2,111.3,9.1,1.054,27.8,142,133
内江,2016-05-07,22,16~32,优,10.2,18.2,11.8,0.508,14.7,88,15
内江,2016-05-08,28,20~41,优,13.7,26.4,6,0.6,20.2,77,38
内江,2016-05-09,50,26~102,良,32.4,45,10.8,0.642,23,146,138
内江,2016-05-10,74,39~185,良,45.5,71.5,15.3,0.754,35.4,178,228
内江,2016-05-11,132,77~236,轻度污染,87.6,122.3,27.3,1.029,43.9,237,322
内江,2016-05-12,128,101~183,轻度污染,89,145.9,21,0.879,30.2,224,323
内江,2016-05-13,73,58~107,良,34.8,95,9.8,0.363,18.6,89,242
内江,2016-05-14,48,22~82,优,29.9,54.9,6.8,0.408,17.8,93,138
内江,2016-05-15,55,23~112,良,22.1,67.1,18.3,0.396,25.1,151,189
内江,2016-05-16,69,53~86,良,34.1,88.6,18.8,0.467,28.8,161,238
内江,2016-05-17,71,54~97,良,39.5,89,23.9,0.492,30.8,184,221
内江,2016-05-18,91,67~122,良,67.2,103.6,17.9,0.542,26.3,163,283
内江,2016-05-19,100,64~144,轻度污染,74.8,98.9,10.2,0.55,21.2,122,285
内江,2016-05-20,44,32~68,优,28.5,41.5,6.8,0.446,14.5,123,110
内江,2016-05-21,52,37~67,良,33.9,48.8,10.3,0.554,16.5,119,206
内江,2016-05-22,43,23~68,优,29,34.8,11.3,0.55,16,85,143
内江,2016-05-23,34,25~57,优,23.7,27.7,8.5,0.452,15,98,80
内江,2016-05-24,50,37~73,良,32.6,42.9,13.9,0.606,20.1,134,151
内江,2016-05-25,54,40~65,良,37.8,52.9,12.6,0.546,17.5,118,187
内江,2016-05-26,31,26~42,优,15.1,23.5,4,0.288,16.8,103,74
内江,2016-05-27,47,36~69,优,29.5,47,10,0.436,23.7,87,163
内江,2016-05-28,67,52~79,良,46.4,68.6,13,0.5,24.7,150,267
内江,2016-05-29,75,45~119,良,54,74.5,13.3,0.629,27.6,168,268
内江,2016-05-30,72,41~93,良,52.3,70.6,16,0.608,24.7,160,227
内江,2016-05-31,66,45~132,良,44.6,69.4,18.9,0.617,24.9,154,200
内江,2016-06-01,93,46~148,良,69.2,98.2,38.3,0.713,29.1,139,309
内江,2016-06-02,32,23~62,优,18.1,30.1,9.9,0.595,16.7,112,78
内江,2016-06-03,61,45~79,良,38,55.9,18.3,0.788,24.5,173,251
内江,2016-06-04,69,47~113,良,46,68.4,20.6,0.717,24.4,158,263
内江,2016-06-05,58,32~102,良,20.7,39.2,26.2,0.517,26,203,207
内江,2016-06-06,74,62~109,良,39.9,71.6,24.2,0.688,28.4,217,271
内江,2016-06-07,58,46~103,良,31.1,52.1,18.8,0.525,22.3,206,202
内江,2016-06-08,71,52~102,良,40.2,63.8,22.3,0.6,28.3,181,251
内江,2016-06-09,40,28~78,优,22.9,32.9,8,0.379,15.1,153,100
内江,2016-06-10,28,22~38,优,16.8,25.8,8.3,0.483,19,100,58
内江,2016-06-11,39,29~62,优,25.4,36.9,9.4,0.583,23.3,110,140
内江,2016-06-12,54,44~71,良,34.1,53.9,16.6,0.775,30.7,152,239
内江,2016-06-13,69,47~107,良,45.9,74.8,41.6,0.854,37.5,180,273
内江,2016-06-14,77,52~102,良,55.6,79,19.7,0.683,31.6,142,299
内江,2016-06-15,56,40~67,良,31.7,63.5,13,0.388,26.9,125,248
内江,2016-06-16,56,48~75,良,27.5,61.2,28.4,0.496,29,156,216
内江,2016-06-17,68,52~89,良,31.9,64,28.3,0.592,40.2,186,251
内江,2016-06-18,85,65~123,良,61,96.9,40.1,0.738,40.1,199,309
内江,2016-06-19,51,35~79,良,34.4,48.5,29.7,0.463,19.3,156,211
内江,2016-06-20,59,40~78,良,38.5,58,36.9,0.617,24.3,162,255
内江,2016-06-21,70,36~99,良,50.1,72.5,31.5,0.725,39.6,102,272
内江,2016-06-22,62,47~89,良,42.6,66.8,31.5,0.671,28.7,159,268
内江,2016-06-23,50,26~77,良,33.5,47.9,12.7,0.567,14.8,110,239
内江,2016-06-24,28,19~38,优,13.2,23.8,7.9,0.379,17.1,102,99
内江,2016-06-25,32,24~40,优,11.5,22.6,8,0.329,12,120,117
内江,2016-06-26,28,17~46,优,17.8,25.6,9.1,0.388,12.7,78,64
内江,2016-06-27,42,36~52,优,27.1,41.3,8.5,0.508,19.6,118,152
内江,2016-06-28,48,0~59,优,32.1,46.7,7.7,0.506,17.9,125,202
内江,2016-06-29,46,33~60,优,25.2,42.4,14.8,0.604,24.8,125,182
内江,2016-06-30,42,28~56,优,27.3,42.4,12.1,0.55,23.8,92,173
内江,2016-07-01,45,33~62,优,24.5,42.1,17,0.617,21.7,152,241
内江,2016-07-02,65,47~90,良,44.6,67.5,19.9,0.775,28.5,164,289
内江,2016-07-03,59,41~84,良,39.7,62.2,18.4,0.629,24.5,130,250
内江,2016-07-04,53,39~85,良,32.2,53.8,23.5,0.504,20.1,148,224
内江,2016-07-05,58,46~77,良,37.1,60.4,21.9,0.508,19.1,154,253
内江,2016-07-06,39,27~55,优,23.5,39,7.4,0.383,15.2,78,163
内江,2016-07-07,48,33~67,优,26.1,47.7,22.9,0.438,20.9,140,207
内江,2016-07-08,66,49~90,良,43.6,73.2,25.4,0.508,21.9,171,287
内江,2016-07-09,64,45~85,良,43.5,65.8,30.4,0.396,19.1,150,271
内江,2016-07-10,49,32~79,优,29.1,46.4,17.1,0.383,18.6,142,186
内江,2016-07-11,50,31~75,良,26.5,41.6,29.8,0.354,23.3,162,198
内江,2016-07-12,48,29~63,优,30.6,46.5,25.4,0.375,19.6,96,195
内江,2016-07-13,36,24~65,优,18.1,35.5,17.9,0.233,17.5,97,125
内江,2016-07-14,26,15~37,优,11.8,20.9,7.9,0.142,16.3,100,66
内江,2016-07-15,35,24~58,优,10.7,25.7,13.6,0.317,18.2,166,142
内江,2016-07-16,48,28~79,优,22,44.8,18.6,0.375,21.1,155,207
内江,2016-07-17,71,53~108,良,38.1,67.6,25.7,0.533,27,216,278
内江,2016-07-18,63,46~83,良,44.2,66.7,25.2,0.554,24.5,95,248
内江,2016-07-19,25,15~43,优,9.5,18.3,11.5,0.313,12.8,96,60
内江,2016-07-20,46,37~62,优,25,41.3,17.4,0.521,19.9,141,220
内江,2016-07-21,65,40~111,良,33,54.6,21,0.533,24,221,276
内江,2016-07-22,58,48~70,良,39.7,59.8,16.4,0.529,22.3,139,255
内江,2016-07-23,52,40~67,良,31.4,48.6,13.9,0.529,20.2,141,194
内江,2016-07-24,38,20~67,优,19.9,33.9,17,0.371,18.2,144,120
内江,2016-07-25,55,48~78,良,33.5,53.7,20.3,0.583,20.5,182,203
内江,2016-07-26,40,26~56,优,21.5,37.5,15.6,0.338,13.5,137,122
内江,2016-07-27,32,21~59,优,15.5,30.5,8.2,0.308,15.6,115,68
内江,2016-07-28,45,25~78,优,20.6,37,15.1,0.383,23.9,182,130
内江,2016-07-29,34,24~49,优,13.9,28.3,9.8,0.242,15.2,138,77
内江,2016-07-30,50,39~77,优,27.4,48.8,17.5,0.363,16.3,150,161
内江,2016-07-31,37,23~55,优,18.1,33.5,10.8,0.304,14,108,107
内江,2016-08-01,28,19~55,优,16.5,23.8,4.3,0.308,12.5,96,67
内江,2016-08-02,51,30~99,良,29.5,44.3,15.1,0.429,17.7,155,213
内江,2016-08-03,42,28~53,优,21.2,35.9,10.9,0.367,17.3,157,184
内江,2016-08-04,32,23~41,优,16.8,28.1,6.8,0.392,16.1,130,113
内江,2016-08-05,37,26~47,优,22.5,36.2,9.7,0.458,17.8,107,134
内江,2016-08-06,52,39~64,良,34.9,52.5,15.4,0.554,23.3,154,218
内江,2016-08-07,35,23~53,优,17.3,28.9,7.5,0.388,14.9,130,132
内江,2016-08-08,42,28~57,优,25.1,38.2,10.6,0.5,20.6,119,175
内江,2016-08-09,47,32~61,优,24.3,41.9,14.9,0.583,20.3,160,198
内江,2016-08-10,48,29~63,优,26.4,46.5,11.9,0.538,19.3,138,204
内江,2016-08-11,48,32~64,优,26.1,41.3,17.8,0.538,19.9,166,195
内江,2016-08-12,63,50~100,良,38.8,58.6,15.1,0.708,22.7,200,274
内江,2016-08-13,57,44~85,良,33,53,18,0.571,22.2,188,261
内江,2016-08-14,75,57~113,良,50.7,72.5,16.1,0.667,24.9,190,325
内江,2016-08-15,40,21~67,优,21.5,30.7,13.6,0.396,15.1,127,168
内江,2016-08-16,57,43~88,良,33.5,51.7,21.3,0.571,24,174,250
内江,2016-08-17,69,45~95,良,45.6,68.8,25.7,0.596,25.4,170,270
内江,2016-08-18,64,47~95,良,40,59.3,25,0.513,21.7,174,262
内江,2016-08-19,75,55~119,良,50.1,78.8,24.8,0.617,28.6,176,314
内江,2016-08-20,72,44~124,良,48.9,71.2,25.4,0.578,19,170,289
内江,2016-08-21,76,43~105,良,47.7,73.2,24.8,0.642,26.8,182,292
内江,2016-08-22,95,54~152,良,61.7,87.5,27.2,0.657,26,188,332
内江,2016-08-23,91,44~162,良,59,82.3,25.9,0.679,22,182,288
内江,2016-08-24,102,66~178,轻度污染,61.1,92.3,29.3,0.725,25.6,226,330
内江,2016-08-25,136,64~319,轻度污染,92.5,133.5,33.3,1.054,36.8,255,352
内江,2016-08-26,36,25~57,优,22.8,34.9,9.1,0.333,12.4,91,136
内江,2016-08-27,28,20~36,优,14.2,24.5,4.4,0.35,9.4,92,52
内江,2016-08-28,33,22~51,优,18.5,28.8,5,0.413,11,116,72
内江,2016-08-29,68,36~115,良,48.7,70.3,12.3,0.55,22,86,248
内江,2016-08-30,47,29~77,优,32.2,42,4.1,0.354,16.1,98,141
内江,2016-08-31,50,31~65,优,33.5,45.9,6.6,0.446,22.3,115,147
内江,2016-09-01,52,40~73,良,35.7,50.9,8.8,0.588,28.4,140,194
内江,2016-09-02,77,48~109,良,48.8,73.5,13.3,0.671,34.3,218,282
内江,2016-09-03,100,80~124,轻度污染,74.8,102.8,18.5,0.604,30.9,148,317
内江,2016-09-04,64,50~82,良,46.1,58.3,11.1,0.425,28.3,81,201
内江,2016-09-05,50,32~65,良,35.5,44.1,9.6,0.296,19.6,90,142
内江,2016-09-06,41,32~57,优,27,35.6,8.1,0.325,19,116,118
内江,2016-09-07,51,39~77,良,34.5,48.8,18.1,0.571,21.6,132,185
内江,2016-09-08,46,33~59,优,31.4,40.3,11.9,0.467,16.2,105,122
内江,2016-09-09,51,36~82,良,35.1,48.9,19.9,0.542,27.5,102,154
内江,2016-09-10,66,53~103,良,41.8,68.2,25.8,0.696,29.9,170,256
内江,2016-09-11,88,55~138,良,61.8,86.5,31.5,0.779,33.1,173,317
内江,2016-09-12,108,60~178,轻度污染,78.1,107.2,30.6,0.725,33.3,190,334
内江,2016-09-13,74,55~94,良,52.8,71.8,15.3,0.358,19.8,103,273
内江,2016-09-14,54,30~77,良,37.3,49.6,13.3,0.392,17.9,112,163
内江,2016-09-15,44,29~63,优,29,38.2,12.8,0.338,16.8,112,147
内江,2016-09-16,56,31~75,良,39.6,54.1,17.7,0.6,24.5,92,215
内江,2016-09-17,64,46~97,良,46.1,64.3,25.7,0.613,27,106,244
内江,2016-09-18,52,33~74,良,36.3,45.6,23.5,0.342,16.8,80,183
内江,2016-09-19,43,35~52,优,29.7,38.6,10.1,0.393,22.5,98,125
内江,2016-09-20,48,40~64,优,33.8,42.8,10.4,0.367,17.4,113,140
内江,2016-09-21,68,54~94,良,48.6,68.2,15.2,0.613,28.1,138,225
内江,2016-09-22,76,58~102,良,55.4,79.1,21.2,0.771,27.4,130,242
内江,2016-09-23,46,35~80,优,31.9,43.6,11.6,0.408,15.2,96,89
内江,2016-09-24,63,50~74,良,44.3,64.8,20.1,0.563,31,68,174
内江,2016-09-25,43,29~57,优,28.5,38.2,17.9,0.667,24,98,93
内江,2016-09-26,58,46~82,良,40.7,54.1,17.7,0.729,23.7,86,159
内江,2016-09-27,66,41~95,良,45.8,66.3,26,0.75,25.5,135,232
内江,2016-09-28,41,32~56,优,23.5,39.7,24.4,0.442,16.3,129,172
内江,2016-09-29,48,36~64,优,27.7,49.5,20.8,0.609,19.9,130,206
内江,2016-09-30,77,46~137,良,53.8,89.7,19.5,0.917,35.8,157,266
内江,2016-10-01,101,67~149,轻度污染,71.6,108.5,25.9,1.125,43.5,192,311
内江,2016-10-02,138,73~192,轻度污染,103.3,145.8,27,1.163,43.9,183,334
内江,2016-10-03,141,77~183,轻度污染,102.8,147,29.9,1.108,43.5,212,342
内江,2016-10-04,130,85~199,轻度污染,95.8,139.5,32.7,0.875,32.5,228,344
内江,2016-10-05,65,39~110,良,35.9,78,14.9,0.296,21.9,136,210
内江,2016-10-06,88,67~139,良,61.7,112.7,12.8,0.467,25.3,122,298
内江,2016-10-07,91,73~120,良,67.9,99,10.5,0.529,19.9,57,323
内江,2016-10-08,61,30~90,良,41.7,63.4,7,0.442,18.4,68,226
内江,2016-10-09,37,19~62,优,23.4,37.3,6.8,0.371,14.3,86,115
内江,2016-10-10,34,18~58,优,21,32.7,13.8,0.379,14.5,76,80
内江,2016-10-11,30,20~43,优,17,30.1,32.3,0.429,13.7,48,58
内江,2016-10-12,37,26~48,优,21.8,36.4,8.9,0.529,15.7,56,83
内江,2016-10-13,34,26~43,优,16.7,34,8.7,0.429,14,46,60
内江,2016-10-14,47,31~62,优,27.5,48.8,12.1,0.6,18.1,39,124
内江,2016-10-15,41,35~52,优,25.8,40,12.1,0.625,20.7,48,88
内江,2016-10-16,52,43~65,良,31.4,53.8,21,0.779,29.3,81,133
内江,2016-10-17,66,50~80,良,47.3,67.7,19.5,0.729,30.3,92,206
内江,2016-10-18,68,48~110,良,48.4,70.6,17.3,0.688,26.5,123,192
内江,2016-10-19,73,43~128,良,52.4,71.8,19.8,0.654,26.3,127,198
内江,2016-10-20,109,90~165,轻度污染,81.7,111.4,22,0.771,27.4,99,317
内江,2016-10-21,104,77~128,轻度污染,77.6,101,21,0.721,19.2,90,336
内江,2016-10-22,95,57~132,良,70.3,99,25,0.767,20.3,107,341
内江,2016-10-23,43,25~102,优,26.8,42.8,14.6,0.408,12.3,67,168
内江,2016-10-24,38,26~53,优,20.6,38,11.8,0.442,13.7,38,120
内江,2016-10-25,40,26~49,优,21.5,37,15.9,0.683,20.8,96,117
内江,2016-10-26,41,25~53,优,23.2,40.5,16.2,0.646,17.9,81,135
内江,2016-10-27,34,22~48,优,20.5,33.7,10.6,0.742,16.8,82,121
内江,2016-10-28,34,24~48,优,17.2,34.5,7.3,0.4,14.8,78,138
内江,2016-10-29,37,27~56,优,20.8,36.7,7.9,0.371,14.9,67,146
内江,2016-10-30,41,26~60,优,25.1,40.9,10.1,0.488,18,53,125
内江,2016-10-31,66,42~112,良,47.3,70.1,18.1,0.667,25.5,114,261
内江,2016-11-01,79,57~102,良,57.9,80.9,20.4,0.763,30.9,61,290
内江,2016-11-02,94,75~127,良,69.6,97.7,20.4,0.896,33.5,49,280
内江,2016-11-03,98,62~142,良,72.4,112.3,19.3,1.004,34.7,110,253
内江,2016-11-04,81,57~99,良,59.6,86.2,18,0.975,31,98,184
内江,2016-11-05,105,78~140,轻度污染,78.9,111.4,23.5,0.992,38,64,224
内江,2016-11-06,98,74~123,良,73.4,97.5,14.1,0.846,28.2,63,193
内江,2016-11-07,55,36~88,良,33.8,55.4,8.5,0.396,15.8,70,122
内江,2016-11-08,58,53~65,良,32.2,65.9,10.2,0.383,23.7,58,207
内江,2016-11-09,36,21~56,优,21.5,36.4,10.2,0.383,17,66,113
内江,2016-11-10,51,38~62,良,33.7,52.7,13.6,0.558,24.1,80,156
内江,2016-11-11,57,43~69,良,39.2,59.6,17,0.613,24.5,74,149
内江,2016-11-12,84,64~109,良,61.5,93.7,20.7,0.726,30.9,74,218
内江,2016-11-13,90,64~120,良,66.6,104.5,20.4,0.854,36.1,116,197
内江,2016-11-14,126,82~175,轻度污染,95.3,135.3,28,1.125,47,94,258
内江,2016-11-15,131,99~162,轻度污染,99.1,131.7,22.6,1,33.1,128,289
内江,2016-11-16,137,92~203,轻度污染,103.5,143,23.3,1.1,37,97,305
内江,2016-11-17,162,99~219,中度污染,122.8,160.8,23.7,1.221,34.6,130,308
内江,2016-11-18,111,78~144,轻度污染,83.3,113.6,15.9,1.004,23.5,116,242
内江,2016-11-19,105,80~158,轻度污染,78.9,107.7,18.8,0.921,26.8,102,0
内江,2016-11-20,118,75~185,轻度污染,88.5,129.2,23.1,1.208,43.4,106,0
内江,2016-11-21,141,84~179,轻度污染,107,138.2,22,1.025,33.5,102,0
内江,2016-11-22,79,40~156,良,56.1,78.5,13.2,0.638,16.4,57,0
内江,2016-11-23,36,27~49,优,23.2,33.9,5.5,0.513,13.8,50,0
内江,2016-11-24,40,26~51,优,26.8,36.3,10,0.575,15.8,40,0
内江,2016-11-25,44,28~64,优,29.9,42.3,15.9,0.646,16.5,46,0
内江,2016-11-26,76,59~117,良,52.9,92.2,26.5,0.883,36.2,102,0
内江,2016-11-27,78,53~98,良,56.4,92,23.5,0.833,33.1,112,0
内江,2016-11-28,91,70~118,良,66.5,124.7,27.3,0.896,41.2,54,0
内江,2016-11-29,141,109~195,轻度污染,106.3,158.9,34.7,1.008,41.6,92,0
内江,2016-11-30,136,0~163,轻度污染,104,148.8,34.2,1.033,46.3,100,0
内江,2016-12-01,137,115~166,轻度污染,104,140.3,28,0.913,39.6,58,0
内江,2016-12-02,154,88~193,中度污染,116.8,154.8,25,1.038,34.9,41,0
内江,2016-12-03,119,80~169,轻度污染,89.7,126.8,22.9,1.058,36.3,26,0
内江,2016-12-04,130,113~163,轻度污染,99,137.2,31.1,1.029,32.3,97,0
内江,2016-12-05,148,114~195,轻度污染,112,154.3,22.3,0.913,31.9,52,0
内江,2016-12-06,129,60~173,轻度污染,98,128.7,29.1,0.983,31.6,115,0
内江,2016-12-07,135,87~192,轻度污染,102.3,141,27.3,1.171,36,104,0
内江,2016-12-08,117,74~169,轻度污染,88.3,116.3,20.8,1.225,33.2,56,0
内江,2016-12-09,148,108~205,轻度污染,111.9,149.8,18,1.017,27.8,57,0
内江,2016-12-10,164,114~208,中度污染,124.8,164.5,26.3,1.175,32.8,90,0
内江,2016-12-11,141,119~178,轻度污染,107.3,146,26.2,1.192,28,28,0
内江,2016-12-12,121,87~158,轻度污染,91.4,129.1,22.2,1.433,31,18,0
内江,2016-12-13,116,0~144,轻度污染,87.9,115.1,24,1.343,27.6,40,0
内江,2016-12-14,78,64~97,良,56.8,74.8,19.4,1.079,23.4,34,0
内江,2016-12-15,64,36~102,良,46.2,60.1,20,1.058,31.7,34,0
内江,2016-12-16,61,50~75,良,42.8,61.2,14.9,1.029,25.8,60,0
内江,2016-12-17,97,74~139,良,72.6,96.4,12.8,1.038,26.8,42,0
内江,2016-12-18,121,84~148,轻度污染,91.3,123.6,17.4,1.317,33.7,40,0
内江,2016-12-19,149,132~178,轻度污染,113.3,152.3,23.5,1.4,40.5,39,0
内江,2016-12-20,179,144~210,中度污染,135.9,172.5,22.1,1.442,41.5,18,0
内江,2016-12-21,193,149~231,中度污染,146.4,186.3,26.9,1.642,40.4,21,0
内江,2016-12-22,119,87~159,轻度污染,90,116.2,21.3,1.471,33.1,70,0
内江,2016-12-23,125,110~150,轻度污染,94.5,116,14.6,1.208,24.2,38,0
内江,2016-12-24,130,109~156,轻度污染,98.8,124.6,19,1.238,26.5,42,0
内江,2016-12-25,66,40~102,良,47,60,14.8,0.938,19.7,36,0
内江,2016-12-26,67,45~122,良,39.2,81.5,16.4,0.804,28.7,71,0
内江,2016-12-27,88,64~134,良,64.3,111.3,30.3,0.967,43.3,82,0
内江,2016-12-28,94,57~123,良,69.4,102.1,22.4,0.846,35.1,91,0
内江,2016-12-29,104,79~132,轻度污染,77.5,110,29.5,0.925,36.4,76,0
内江,2016-12-30,115,87~134,轻度污染,86.8,117.2,25.5,0.863,31.8,73,0
内江,2016-12-31,136,95~209,轻度污染,103,141.6,35.5,0.8,42.1,42,0
内江,2017-01-01,176,26~223,中度污染,132.6,174.8,32.6,1,44.7,62,0
内江,2017-01-02,185,147~238,中度污染,141.3,200.3,28.4,1.158,45.8,112,0
内江,2017-01-03,189,155~222,中度污染,142.9,204.2,22.3,1.058,37.8,61,0
内江,2017-01-04,179,152~210,中度污染,135.4,173.7,27.4,0.996,39.6,44,0
内江,2017-01-05,205,166~244,重度污染,156.8,211.3,36.8,1.179,40.7,118,0
内江,2017-01-06,164,108~209,中度污染,124.5,162.8,21.8,1.088,30.3,84,0
内江,2017-01-07,132,72~200,轻度污染,98.8,127,21.6,1.054,28,52,0
内江,2017-01-08,97,65~145,良,72.5,101.5,32,1.275,32.8,35,0
内江,2017-01-09,128,97~179,轻度污染,96.6,125,19.7,1.254,32.1,52,0
内江,2017-01-10,44,29~79,优,30.8,37.2,11.3,0.625,16.4,46,0
内江,2017-01-11,48,35~72,优,33.4,42.4,11.1,0.396,16.1,50,0
内江,2017-01-12,69,54~99,良,49.8,77.7,22.3,0.542,33.2,70,0
内江,2017-01-13,90,59~112,良,66.4,91.3,23.4,0.763,37.8,96,0
内江,2017-01-14,93,67~115,良,69,93,24.3,0.833,41.7,82,0
内江,2017-01-15,111,87~155,轻度污染,83.6,111.5,25.1,1.008,42.8,70,0
内江,2017-01-16,104,89~118,轻度污染,77.6,103.6,19.7,0.713,30.3,72,0
内江,2017-01-17,130,102~182,轻度污染,98.1,126.8,25.9,0.896,42.5,61,0
内江,2017-01-18,146,115~190,轻度污染,111,141.3,25.1,0.813,34.8,94,0
内江,2017-01-19,135,108~152,轻度污染,102.8,129,30.3,0.825,29.4,76,0
内江,2017-01-20,156,138~209,中度污染,118.8,156.3,33.1,1.025,34.5,28,0
内江,2017-01-21,153,113~226,中度污染,117,148.8,26.2,1.033,36,95,0
内江,2017-01-22,162,102~222,中度污染,122.8,166.8,20.8,1.246,40.5,113,0
内江,2017-01-23,212,158~255,重度污染,163.8,207.9,26.1,1.308,42.2,42,0
内江,2017-01-24,172,120~232,中度污染,130.9,170.6,26.4,1.267,39.3,75,0
内江,2017-01-25,218,168~270,重度污染,169.5,216.3,26.7,1.846,47.3,89,0
内江,2017-01-26,223,186~304,重度污染,173.5,210.5,28.3,1.617,49.1,48,0
内江,2017-01-27,286,235~376,重度污染,235.7,285.7,28.8,1.833,41.4,54,0
内江,2017-01-28,255,158~500,重度污染,214.7,251,34,1.171,25.7,38,0
内江,2017-01-29,83,55~196,良,53.3,89.5,19.9,0.75,24,82,0
内江,2017-01-30,79,69~89,良,57.7,73.7,15.1,0.9,23.1,48,0
内江,2017-01-31,71,57~82,良,51,64.5,14,0.892,20,41,0
